
- kg아이티뱅크
latitude = 37.571006515132865
longitude = 126.99251768504305

